function[X_0,xbar_0,Pbar_0] = setInitialConditions()

X_0 = zeros(12,1);
xbar_0 = zeros(12,1);
Pbar_0 = zeros(12,12);

X_0(1)= 4973900.00000000;  %[x]
X_0(2)=-4300600.00000000;  %[y]
X_0(3)= 3486200.00000000;  %[z]
X_0(4)= 2850.00000000000;  %[xd]
X_0(5)= 5820.00000000000;  %[yd]
X_0(6)= 3470.00000000000;  %[zd]
X_0(7)= 3.986004415E+14;   %[mu]
X_0(8)= 1.1926268E-3;      %[J2]
X_0(9)= 0.0375;            %[Beta]
X_0(10)= -2517400.0000;    %[xd_s]
X_0(11)= -4198500.0000;    %[yd_s]
X_0(12)=  4076500.0000;    %[zd_s]


Pbar_0(1,1)=100.0;
Pbar_0(2,2)=100.0;
Pbar_0(3,3)=100.0;
Pbar_0(4,4)=10.0;
Pbar_0(5,5)=10.0;
Pbar_0(6,6)=10.0;
Pbar_0(7,7)=1.0e+6;
Pbar_0(8,8)=1.0e-2;
Pbar_0(9,9)=0.01;
Pbar_0(10,10)=100.0;
Pbar_0(11,11)=100.0;
Pbar_0(12,12)=100.0;

Pbar_0 = Pbar_0.^2;

end
